Numero Parcela,Valor Parcela,Juros,Amortizacao,Saldo Devedor
,,,,30000
1/12,2750.40,450.00,2300.40,27699.60
2/12,2750.40,415.49,2334.91,25364.69
3/12,2750.40,380.47,2369.93,22994.76
4/12,2750.40,344.92,2405.48,20589.29
5/12,2750.40,308.84,2441.56,18147.73
6/12,2750.40,272.22,2478.18,15669.54
7/12,2750.40,235.04,2515.36,13154.18
8/12,2750.40,197.31,2553.09,10601.10
9/12,2750.40,159.02,2591.38,8009.71
10/12,2750.40,120.15,2630.25,5379.46
11/12,2750.40,80.69,2669.71,2709.75
12/12,2750.40,40.65,2709.75,-0.00